0000   a8 6d aa 73 2a 03 00 09 0f 09 00 02 08 00 45 00
0010   02 1a 27 f2 00 00 3e 11 bc e5 86 9d 00 81 0a 40
0020   04 9e 00 35 f4 e7 02 06 1b 2c a8 47 81 80 00 01
0030   00 02 00 0a 00 09 0c 6d 72 6f 64 65 76 69 63 65
0040   6d 67 72 0a 6f 66 66 69 63 65 61 70 70 73 04 6c
0050   69 76 65 03 63 6f 6d 00 00 01 00 01 c0 0c 00 05
0060   00 01 00 00 07 36 00 27 04 70 72 6f 64 0c 6d 72
0070   6f 64 65 76 69 63 65 6d 67 72 04 6c 69 76 65 03
0080   63 6f 6d 06 61 6b 61 64 6e 73 03 6e 65 74 00 c0
0090   3e 00 01 00 01 00 00 00 c0 00 04 34 6d 4c 28 c0
00a0   59 00 02 00 01 00 01 a0 52 00 14 07 61 31 38 2d
00b0   31 32 38 06 61 6b 61 67 74 6d 03 6f 72 67 00 c0
00c0   59 00 02 00 01 00 01 a0 52 00 09 06 61 37 2d 31
00d0   33 31 c0 59 c0 59 00 02 00 01 00 01 a0 52 00 0a
00e0   07 61 31 33 2d 31 33 30 c0 89 c0 59 00 02 00 01
00f0   00 01 a0 52 00 09 06 61 35 2d 31 33 30 c0 89 c0
0100   59 00 02 00 01 00 01 a0 52 00 09 06 61 31 2d 31
0110   32 38 c0 59 c0 59 00 02 00 01 00 01 a0 52 00 0a
0120   07 61 31 32 2d 31 33 31 c0 89 c0 59 00 02 00 01
0130   00 01 a0 52 00 0a 07 61 31 31 2d 31 32 39 c0 59
0140   c0 59 00 02 00 01 00 01 a0 52 00 09 06 61 39 2d
0150   31 32 38 c0 59 c0 59 00 02 00 01 00 01 a0 52 00
0160   0a 07 61 32 38 2d 31 32 39 c0 89 c0 59 00 02 00
0170   01 00 01 a0 52 00 09 06 61 33 2d 31 32 39 c0 59
0180   c0 e1 00 01 00 01 00 00 7d 9d 00 04 c1 6c 58 80
0190   c1 4d 00 01 00 01 00 00 61 29 00 04 60 07 31 81
01a0   c1 4d 00 1c 00 01 00 00 7d b8 00 10 26 00 14 08
01b0   00 1c 00 00 00 00 00 00 00 00 00 81 c0 cc 00 01
01c0   00 01 00 00 5c e2 00 04 5f 64 a8 82 c0 a1 00 01
01d0   00 01 00 00 67 69 00 04 17 3d c7 83 c0 a1 00 1c
01e0   00 01 00 00 67 69 00 10 26 00 14 06 00 32 00 00
01f0   00 00 00 00 00 00 00 83 c1 22 00 01 00 01 00 00
0200   61 29 00 04 b8 55 f8 80 c1 0c 00 01 00 01 00 00
0210   6a 1d 00 04 54 35 8b 81 c0 f6 00 01 00 01 00 00
0220   5c e2 00 04 b8 1a a0 83